
Date,TemperatureHighC,TemperatureAvgC,TemperatureLowC,DewpointHighC,DewpointAvgC,DewpointLowC,HumidityHigh,HumidityAvg,HumidityLow,PressureMaxhPa,PressureMinhPa,WindSpeedMaxKMH,WindSpeedAvgKMH,GustSpeedMaxKMH,PrecipitationSumCM<br>
2019-3-18,6.8,6.8,6.8,5.3,5.3,5.3,90,90,90,1004,1004,0,0,0,0.00
<br>
2019-3-19,12.6,9.5,6.4,8.3,6.5,5.1,94,84,72,1010,1004,9,1,13,0.00
<br>
2019-3-20,13.2,10.0,6.8,8.6,7.3,5.8,94,87,73,1034,1010,11,1,17,0.00
<br>
2019-3-21,12.1,9.9,7.7,9.2,7.8,6.6,95,88,81,1015,1011,8,1,11,0.00
<br>
2019-3-22,11.3,8.3,5.3,7.8,6.6,4.2,95,82,75,1011,1007,11,2,17,0.00
<br>
2019-3-23,11.7,7.4,3.2,6.5,2.9,0.3,93,73,51,1014,1008,19,1,22,0.00
<br>
2019-3-24,12.1,7.6,3.2,4.5,2.1,0.4,92,71,49,1014,1009,19,2,24,0.00
<br>
2019-3-25,12.2,6.2,0.2,3.5,1.6,-1.6,89,70,47,1027,1009,28,5,33,0.00
<br>
2019-3-26,13.2,6.2,-0.7,5.3,2.0,-2.0,92,74,53,1027,1023,20,2,24,0.00
<br>
2019-3-27,12.5,7.8,3.1,5.6,3.1,0.4,90,74,59,1028,1025,17,2,20,0.00
<br>
2019-3-28,15.3,7.8,0.2,6.4,3.6,-0.8,95,78,53,1029,1024,9,0,11,0.00
<br>
2019-3-29,16.5,8.4,0.4,7.2,4.1,-0.5,95,77,49,1024,1015,11,1,17,0.00
<br>
2019-3-30,17.6,8.2,-1.0,8.1,4.0,-1.6,96,79,50,1015,1011,11,1,15,0.00
<br>
2019-3-31,12.6,8.2,3.7,5.0,3.6,0.3,92,74,54,1018,1014,17,2,28,0.00
<br>
2019-4-1,14.6,6.9,-0.6,5.2,2.0,-1.7,93,72,45,1018,1003,16,2,22,0.00
<br>
2019-4-2,8.4,3.6,-1.1,4.5,1.9,-2.1,94,86,62,1003,992,23,1,26,0.48
<br>
2019-4-3,8.9,4.0,-0.8,2.3,0.6,-1.4,96,86,57,1076,989,12,1,15,0.03
<br>
2019-4-4,7.5,3.2,-1.0,4.6,1.9,-2.2,93,86,73,1074,985,25,3,42,1.02
<br>
2019-4-5,13.2,8.4,3.7,4.6,2.9,0.4,88,69,47,996,989,18,3,28,0.00
<br>
2019-4-6,11.4,6.9,2.5,5.5,4.1,1.5,95,83,66,998,995,21,2,28,0.00
<br>
2019-4-7,10.6,7.7,4.8,8.8,6.5,3.8,95,89,84,1001,997,17,1,20,0.00
<br>
2019-4-8,11.8,9.2,6.6,9.2,7.3,5.9,96,93,84,1003,1000,13,1,17,0.20
<br>
2019-4-9,11.5,7.9,4.4,8.2,5.2,2.0,97,85,65,1009,1002,22,2,29,0.46
<br>
2019-4-10,12.7,5.8,-0.9,4.2,1.6,-2.6,88,71,51,1016,1008,18,2,24,0.00
<br>
2019-4-11,11.5,4.2,-3.2,2.4,-0.6,-4.2,94,72,48,1019,1015,14,1,22,0.00
<br>
2019-4-12,10.1,3.6,-2.9,2.3,-0.3,-3.8,95,73,51,1019,1016,13,1,18,0.00
<br>
2019-4-13,10.8,4.0,-2.8,1.9,-0.9,-3.9,94,73,40,1020,1016,17,1,24,0.00
<br>
2019-4-14,9.2,2.7,-3.7,0.7,-1.4,-4.7,94,72,48,1018,1014,18,2,24,0.00
<br>
2019-4-15,13.7,6.9,0.3,3.3,1.6,-1.4,92,69,46,1017,1006,25,4,35,0.00
<br>
2019-4-16,14.2,8.9,3.7,9.3,6.2,2.4,94,84,66,1009,1004,13,1,15,0.05
<br>
2019-4-17,18.3,11.4,4.6,10.5,7.3,3.8,97,79,55,1013,1008,13,1,15,0.00
<br>
2019-4-18,21.0,13.2,5.4,11.6,7.3,4.3,97,75,46,1018,1013,20,2,22,0.00
<br>
2019-4-19,22.9,14.4,5.9,11.1,7.3,4.4,91,68,38,1023,1017,13,1,18,0.00
<br>
2019-4-20,22.9,12.8,2.8,11.5,6.8,2.0,95,69,37,1024,1020,17,1,20,0.00
<br>
2019-4-21,23.9,13.7,3.5,10.9,6.2,2.0,96,56,29,1020,1006,12,1,15,0.00
<br>
2019-4-22,24.2,13.9,3.6,10.9,5.9,0.9,84,60,31,1007,994,18,2,22,0.00
<br>
2019-4-23,19.4,13.9,8.4,11.7,8.4,6.1,87,71,55,994,987,12,1,17,0.00
<br>
2019-4-24,16.3,11.4,7.2,10.5,7.3,6.0,94,88,68,988,984,9,1,11,0.00
<br>
